28
0.48812537865524463
0.05558694615093107
0.04188981298453387
0.08510084046167155
0.1760062037436927
0.6956896588265015
0.754386410715114
0.9213361488876118
0.6299673999410899
0.6110330984276213
0.2798658025568477
1.0771883607318955e-08
0.7240381874178788
0.9314847068249213
0.8398082417600652
0.8153528916130149
0.42374650018088555
0.48015198977416673
0.3475462322448918
0.558006497824706
0.7039171723844408
0.45866920189181093
0.7689951810779309
0.5875712500209654
0.49184258999190633
0.8334848747413848
0.14632725125692203
0.4881073468151821
3
19
27
12
15
0
14
0
27
3
27
3
21
3
5
9
27
9
4
11
15
12
18
16
2
18
17
19
4
19
23
23
9
27
9
